&musicTitle=ヴァーチャルヴォーパルバニー,玉鋼,http://www.nicovideo.jp/watch/sm32942992&
&difData=5,Normal,2.5,70,2,7&
&setColor=0xcccccc,0x6666ff,0xffffff,0xff0066,0xcc00ff&
&frzColor=0xffff,0x6600ff,0xffff00,0xcccc33&
&startFrame=0&left_data=271,805,1019,1064,1079,1116,1161,1214,1259,1281,1349,1379,1401,1424,1439,1484,1521,1604,1641,1701,1739,1769,1844,1859,1881,1949,1979,2009,2039,2054,2069,2099,2129,2219,2279,2309,2339,2369,2399,2421,2444,2474,2504,2549,2639,2849,2939,3149,3223,3283,3328,3388,3433,3493,3568,3613,3627,3642,3657,3747,3882,3957,4002,4032,4047,4085,4104,4119,4149,4179,4209,4224,4239,4361,4406,4481,4590,4635,4710,4755,4826,4872,4943,5108,5183,5198,5213,5274,5349,5409,5454,5469,5484,5544,5612,5634,5710,5755,5782,5857,5887,5936,5959,5989&down_data=392,745,1004,1056,1109,1169,1244,1289,1319,1341,1356,1409,1431,1446,1469,1529,1544,1596,1649,1709,1836,1889,1904,1934,2174,2249,2286,2301,2376,2391,2414,2429,2459,2489,2534,2579,2609,2654,2714,2766,2781,2834,2924,2954,3014,3074,3134,3164,3343,3373,3403,3478,3523,3553,3598,3627,3650,3665,3687,3890,3905,3927,3950,4017,4055,4077,4104,4126,4164,4186,4254,4276,4391,4466,4650,4695,4710,4740,4770,4928,4958,4988,5026,5063,5123,5168,5244,5266,5304,5439,5469,5552,5604,5634,5665,5695,5731,5747,5762,5790,5850,5872,5906,5929,5966,5996,6019&up_data=332,685,996,1049,1101,1139,1184,1199,1236,1259,1281,1296,1364,1536,1589,1656,1724,1761,1776,1799,1821,1896,1911,1926,2046,2189,2219,2294,2339,2384,2406,2526,2541,2699,2729,2759,2774,2849,2909,2969,2999,3029,3059,3089,3119,3178,3208,3238,3268,3298,3358,3418,3463,3508,3583,3702,3717,3747,3762,3867,3897,3942,3965,3987,4017,4062,4089,4134,4149,4194,4209,4269,4344,4376,4436,4492,4590,4635,4695,4725,4785,4815,4826,4887,4928,4943,4973,5018,5063,5108,5168,5229,5274,5349,5364,5424,5454,5559,5619,5649,5672,5687,5717,5740,5770,5797,5842,5872,5921,5951,5981,6011&right_data=444,625,989,1041,1124,1191,1206,1229,1304,1319,1341,1379,1424,1439,1499,1559,1581,1619,1664,1784,1829,1919,1941,2061,2159,2249,2294,2376,2399,2519,2564,2594,2669,2834,2984,3044,3104,3193,3253,3313,3448,3538,3687,3710,3725,3770,3867,3927,4002,4032,4070,4096,4141,4164,4201,4224,4239,4254,4421,4451,4511,4650,4725,4740,4755,4800,4872,4887,5003,5018,5123,5244,5304,5364,5409,5424,5439,5574,5597,5619,5649,5680,5702,5725,5777,5812,5835,5857,5887,5914,5944,5974,6004&space_data=989,1049,1109,1169,1679,1964,1994,2028,2084,2114,2144,2174,2204,2234,2264,2324,2354,2444,2474,2504,2564,2594,2624,2654,2684,2714,2744,2819,3792,4344,4361,4376,4391,4406,4421,4436,4451,4466,4481,4496,4511,4526,4770,4785,4800,4815,4958,4973,4988,5003,5183,5198,5213,5229,5266,5484&frzLeft_data=1454,1461,1506,1514,1566,1574,1626,1634,1806,1814,2789,2811,3672,3680,3852,3860,3912,3920,4284,4291,4526,4571,5033,5048,5582,5589,5820,5827,6026,6090&frzDown_data=1026,1034,1086,1094,1146,1154,1266,1274,1506,1514,1746,1754,1806,1814,1866,1874,3732,3740,3837,3845,3972,3980,4299,4306&frzUp_data=1326,1334,1386,1394,1566,1574,1626,1634,1686,1694,3777,3785,3822,3830,4314,4321,5582,5589,5820,5827&frzRight_data=1454,1461,1686,1694,1746,1754,1866,1874,2789,2811,3807,3815,4329,4336,6026,6090&frzSpace_data=&speed_data=
&word_data=
0,0,,
266,0, 起立！気をつけ,
392,0,こんにちは　月ノ美兎です,
628,0,わたくしあの,
687,0,むっ、ムカデにはノータッチでいきますよ,
887,0,,
1473,0,作詞作曲ギター・ベースミックス-,
1673,0,-マスタリング動画作成：玉鋼,
1949,0,ムカデ囚人達を,
2155,0,今宵また刑に処します,
2396,0,刑罰は永久起立,
2637,0,斃れるまで直立不動,
2907,0,夜空に翳る朧月,
3090,0,兎は頻闇に隠れ,
3267,0,四つ葉のクローバーを食し,
3450,0,赤子の拳も味わう,
3626,0,バーチャルユーチューバー,
3830,0,わたくし、月ノ美兎です！,
4105,0,映画鑑賞が趣味です,
4349,0,サブカルアイドル洗濯機,
4588,0,楽しい配信が,
4825,0,見る者囚人に変える,
5067,0,虜を取り込んでゆく,
5307,0,丑三つ二時三時,
5607,0,
&first_num=200&haba_num=22.8137&haba_page_num=0&rhythm_num=&label_num=0&beat_num=4&dataEnd=true&
&tuning=委員長すこフィールド

